1 600519 贵州茅台 3,648.00 6,300,096.00 5.52
2 300750 宁德时代 7,144.00 2,810,592.48 2.46
3 600036 招商银行 58,725.00 2,188,093.50 1.92
4 000858 五粮液 11,500.00 2,077,935.00 1.82
5 601318 中国平安 31,820.00 1,495,540.00 1.31
6 600900 长江电力 66,880.00 1,404,480.00 1.23
7 002594 比亚迪 5,353.00 1,375,560.41 1.21
8 601888 中国中免 5,744.00 1,240,876.32 1.09
9 300760 迈瑞医疗 3,567.00 1,127,064.99 0.99
10 601166 兴业银行 61,000.00 1,072,990.00 0.94
11 600809 山西汾酒 3,620.00 1,031,663.80 0.90
12 000568 泸州老窖 4,259.00 955,208.52 0.84
13 601012 隆基绿能 22,300.00 942,398.00 0.83
14 603288 海天味业 11,362.00 904,415.20 0.79
15 600309 万华化学 9,200.00 852,380.00 0.75
16 002352 顺丰控股 14,300.00 825,968.00 0.72
17 601398 工商银行 184,900.00 802,466.00 0.70
18 002714 牧原股份 15,666.00 763,717.50 0.67
19 300059 东方财富 38,866.00 754,000.40 0.66
20 000001 平安银行 57,000.00 750,120.00 0.66
21 601288 农业银行 250,200.00 728,082.00 0.64
22 600276 恒瑞医药 18,728.00 721,589.84 0.63
23 600030 中信证券 35,915.00 715,067.65 0.63
24 002304 洋河股份 4,383.00 703,471.50 0.62
25 601668 中国建筑 123,200.00 668,976.00 0.59
26 002475 立讯精密 20,750.00 658,812.50 0.58
27 300015 爱尔眼科 20,629.00 640,943.03 0.56
28 002142 宁波银行 19,384.00 629,010.80 0.55
29 600000 浦发银行 86,274.00 628,074.72 0.55
30 603259 药明康德 7,516.00 608,796.00 0.53
31 601899 紫金矿业 60,500.00 605,000.00 0.53
32 600887 伊利股份 18,800.00 582,800.00 0.51
33 601328 交通银行 115,300.00 546,522.00 0.48
34 300124 汇川技术 7,750.00 538,625.00 0.47
35 601088 中国神华 19,400.00 535,828.00 0.47
36 600048 保利发展 35,200.00 532,576.00 0.47
37 300014 亿纬锂能 6,045.00 531,355.50 0.47
38 601225 陕西煤业 28,500.00 529,530.00 0.46
39 000002 万科 A 28,537.00 519,373.40 0.46
40 600436 片仔癀 1,800.00 519,228.00 0.46
41 600438 通威股份 13,193.00 508,985.94 0.45
42 601601 中国太保 20,100.00 492,852.00 0.43
43 300274 阳光电源 4,300.00 480,740.00 0.42
44 600406 国电南瑞 19,656.00 479,606.40 0.42
45 600905 三峡能源 84,100.00 475,165.00 0.42
46 600690 海尔智家 18,600.00 454,956.00 0.40
47 002459 晶澳科技 6,940.00 417,024.60 0.37
48 300122 智飞生物 4,686.00 411,571.38 0.36
49 600028 中国石化 93,600.00 408,096.00 0.36
50 688599 天合光能 6,400.00 408,064.00 0.36
51 600050 中国联通 91,000.00 407,680.00 0.36
52 600031 三一重工 25,000.00 395,000.00 0.35
53 601919 中远海控 37,490.00 385,772.10 0.34
54 300498 温氏股份 19,280.00 378,466.40 0.33
55 601818 光大银行 121,500.00 373,005.00 0.33
56 000725 京东方 A 110,200.00 372,476.00 0.33
57 688111 金山办公 1,400.00 370,286.00 0.32
58 002493 荣盛石化 29,747.00 365,888.10 0.32
59 600019 宝钢股份 65,400.00 365,586.00 0.32
60 601766 中国中车 71,500.00 365,365.00 0.32
61 000792 盐湖股份 16,000.00 363,040.00 0.32
62 601658 邮储银行 78,100.00 360,822.00 0.32
63 600016 民生银行 104,200.00 359,490.00 0.32
64 002129 TCL 中环 9,502.00 357,845.32 0.31
65 002812 恩捷股份 2,600.00 341,354.00 0.30
66 300896 爱美客 600.00 339,810.00 0.30
67 002466 天齐锂业 4,300.00 339,657.00 0.30
68 002371 北方华创 1,500.00 337,950.00 0.30
69 601390 中国中铁 60,400.00 335,824.00 0.29
70 601985 中国核电 55,400.00 332,400.00 0.29
71 600104 上汽集团 22,900.00 329,989.00 0.29
72 600893 航发动力 7,800.00 329,784.00 0.29
73 002049 紫光国微 2,500.00 329,550.00 0.29
74 601988 中国银行 103,200.00 326,112.00 0.29
75 002460 赣锋锂业 4,648.00 323,082.48 0.28
76 600585 海螺水泥 11,747.00 321,632.86 0.28
77 000596 古井贡酒 1,200.00 320,280.00 0.28
78 600919 江苏银行 43,450.00 316,750.50 0.28
79 601857 中国石油 63,500.00 315,595.00 0.28
80 601669 中国电建 44,500.00 315,060.00 0.28
81 601009 南京银行 30,200.00 314,684.00 0.28
82 601628 中国人寿 8,200.00 304,384.00 0.27
83 000063 中兴通讯 11,700.00 302,562.00 0.27
84 002311 海大集团 4,900.00 302,477.00 0.27
85 601066 中信建投 12,700.00 301,625.00 0.26
86 601211 国泰君安 22,100.00 300,339.00 0.26
87 000625 长安汽车 24,396.00 300,314.76 0.26
88 601006 大秦铁路 43,700.00 291,916.00 0.26
89 600150 中国船舶 13,100.00 291,868.00 0.26
90 000538 云南白药 5,280.00 287,020.80 0.25
91 002027 分众传媒 42,400.00 283,232.00 0.25
92 600999 招商证券 21,093.00 280,536.90 0.25
93 001979 招商蛇口 21,901.00 276,609.63 0.24
94 601688 华泰证券 21,600.00 275,184.00 0.24
95 000776 广发证券 17,400.00 269,526.00 0.24
96 000651 格力电器 8,300.00 268,256.00 0.24
97 601138 工业富联 29,200.00 268,056.00 0.24
98 601169 北京银行 62,100.00 267,651.00 0.23
99 600346 恒力石化 17,200.00 267,116.00 0.23
100 600111 北方稀土 10,600.00 265,530.00 0.23
101 603501 韦尔股份 3,437.00 264,958.33 0.23
102 000895 双汇发展 10,200.00 264,486.00 0.23
103 000166 申万宏源 66,300.00 263,874.00 0.23
104 603806 福斯特 3,940.00 261,773.60 0.23
105 603799 华友钴业 4,660.00 259,235.80 0.23
106 600010 包钢股份 134,000.00 257,280.00 0.23
107 600029 南方航空 33,000.00 250,800.00 0.22
108 002709 天赐材料 5,680.00 249,124.80 0.22
109 600188 兖矿能源 7,400.00 248,492.00 0.22
110 601229 上海银行 41,766.00 246,837.06 0.22
111 600837 海通证券 28,400.00 246,796.00 0.22
112 000963 华东医药 5,200.00 243,360.00 0.21
113 600588 用友网络 10,031.00 242,449.27 0.21
114 300316 晶盛机电 3,800.00 241,528.00 0.21
115 601100 恒立液压 3,766.00 237,822.90 0.21
116 603392 万泰生物 1,840.00 233,128.00 0.20
117 603993 洛阳钼业 50,300.00 228,865.00 0.20
118 600926 杭州银行 17,412.00 227,748.96 0.20
119 600570 恒生电子 5,588.00 226,090.48 0.20
120 600600 青岛啤酒 2,100.00 225,750.00 0.20
121 600795 国电电力 52,400.00 223,748.00 0.20
122 002230 科大讯飞 6,800.00 223,244.00 0.20
123 600089 特变电工 11,100.00 222,888.00 0.20
124 600196 复星医药 6,200.00 218,488.00 0.19
125 601868 中国能建 95,300.00 218,237.00 0.19
126 600989 宝丰能源 18,000.00 217,260.00 0.19
127 601633 长城汽车 7,200.00 213,264.00 0.19
128 603659 璞泰来 4,100.00 212,749.00 0.19
128 002180 纳思达 4,100.00 212,749.00 0.19
130 688008 澜起科技 3,331.00 208,520.60 0.18
131 603986 兆易创新 2,032.00 208,219.04 0.18
132 600009 上海机场 3,600.00 207,756.00 0.18
133 600660 福耀玻璃 5,900.00 206,913.00 0.18
134 601111 中国国航 19,500.00 206,700.00 0.18
135 600426 华鲁恒升 6,210.00 205,861.50 0.18
136 600011 华能国际 26,900.00 204,709.00 0.18
137 600233 圆通速递 10,100.00 202,909.00 0.18
138 000338 潍柴动力 19,900.00 202,582.00 0.18
139 600547 山东黄金 10,560.00 202,329.60 0.18
140 000661 长春高新 1,200.00 199,740.00 0.18
141 605117 德业股份 600.00 198,720.00 0.17
142 300751 迈为股份 480.00 197,683.20 0.17
143 300759 康龙化成 2,900.00 197,200.00 0.17
144 600958 东方证券 21,960.00 196,322.40 0.17
145 600015 华夏银行 37,700.00 195,663.00 0.17
146 600845 宝信软件 4,306.00 192,908.80 0.17
147 600745 闻泰科技 3,600.00 189,288.00 0.17
148 300763 锦浪科技 1,050.00 189,052.50 0.17
149 300142 沃森生物 4,700.00 188,893.00 0.17
150 603369 今世缘 3,700.00 188,330.00 0.17
151 601689 拓普集团 3,200.00 187,456.00 0.16
152 600115 中国东航 33,500.00 185,255.00 0.16
153 601336 新华保险 6,151.00 185,022.08 0.16
154 300999 金龙鱼 4,200.00 182,952.00 0.16
155 603833 欧派家居 1,481.00 179,985.93 0.16
156 002920 德赛西威 1,700.00 179,078.00 0.16
157 688396 华润微 3,400.00 179,010.00 0.16
158 600085 同仁堂 4,000.00 178,720.00 0.16
159 688012 中微公司 1,822.00 178,574.22 0.16
160 600132 重庆啤酒 1,400.00 178,332.00 0.16
161 000425 徐工机械 34,700.00 175,929.00 0.15
162 300408 三环集团 5,700.00 175,047.00 0.15
163 688036 传音控股 2,200.00 174,944.00 0.15
164 601877 正泰电器 6,300.00 174,510.00 0.15
165 600256 广汇能源 19,300.00 174,086.00 0.15
166 601600 中国铝业 38,800.00 173,436.00 0.15
167 600875 东方电气 8,200.00 172,364.00 0.15
168 300782 卓胜微 1,504.00 171,907.20 0.15
169 000733 振华科技 1,500.00 171,345.00 0.15
170 601788 光大证券 11,500.00 171,005.00 0.15
171 000876 新希望 13,200.00 170,412.00 0.15
172 600039 四川路桥 15,300.00 170,136.00 0.15
173 002001 新和成 9,064.00 169,950.00 0.15
174 002241 歌尔股份 10,000.00 168,300.00 0.15
175 300661 圣邦股份 975.00 168,285.00 0.15
176 601825 沪农商行 28,400.00 166,992.00 0.15
177 002736 国信证券 18,800.00 166,944.00 0.15
178 601618 中国中冶 52,400.00 166,632.00 0.15
179 601865 福莱特 5,000.00 166,550.00 0.15
180 300413 芒果超媒 5,535.00 166,160.70 0.15
181 603290 斯达半导 500.00 164,650.00 0.14
182 000938 紫光股份 8,431.00 164,488.81 0.14
183 600176 中国巨石 11,845.00 162,394.95 0.14
184 601838 成都银行 10,600.00 162,180.00 0.14
185 600522 中天科技 10,000.00 161,500.00 0.14
186 600741 华域汽车 9,300.00 161,169.00 0.14
187 300628 亿联网络 2,650.00 160,563.50 0.14
188 000301 东方盛虹 12,200.00 159,088.00 0.14
189 601238 广汽集团 14,400.00 158,832.00 0.14
190 601939 建设银行 28,200.00 158,766.00 0.14
191 600754 锦江酒店 2,700.00 157,545.00 0.14
192 601615 明阳智能 6,200.00 156,612.00 0.14
193 002938 鹏鼎控股 5,700.00 156,408.00 0.14
194 300433 蓝思科技 14,700.00 154,791.00 0.14
195 300033 同花顺 1,556.00 153,437.16 0.13
196 002648 卫星化学 9,897.00 153,403.50 0.13
197 000100 TCL 科技 41,200.00 153,264.00 0.13
198 603899 晨光股份 2,700.00 148,446.00 0.13
199 601699 潞安环能 8,800.00 148,280.00 0.13
200 002603 以岭药业 4,920.00 147,403.20 0.13
201 601727 上海电气 37,200.00 146,568.00 0.13
202 600018 上港集团 27,400.00 146,316.00 0.13
203 601607 上海医药 8,200.00 146,206.00 0.13
204 601377 兴业证券 25,400.00 145,796.00 0.13
205 601319 中国人保 27,800.00 145,116.00 0.13
206 002821 凯莱英 980.00 145,040.00 0.13
207 601916 浙商银行 49,100.00 144,354.00 0.13
208 601117 中国化学 18,000.00 142,920.00 0.13
209 603606 东方电缆 2,100.00 142,443.00 0.12
210 002074 国轩高科 4,900.00 141,267.00 0.12
211 600027 华电国际 23,900.00 140,532.00 0.12
212 688180 君实生物 2,200.00 137,720.00 0.12
213 600763 通策医疗 900.00 137,691.00 0.12
214 601360 三六零 20,999.00 137,333.46 0.12
215 000999 华润三九 2,914.00 136,404.34 0.12
216 600383 金地集团 13,300.00 136,059.00 0.12
217 601155 新城控股 6,631.00 135,935.50 0.12
218 000983 山西焦煤 11,620.00 135,373.00 0.12
219 688363 华熙生物 1,000.00 135,280.00 0.12
220 603939 益丰药房 2,116.00 135,085.44 0.12
221 300454 深信服 1,200.00 135,060.00 0.12
222 600460 士兰微 4,100.00 134,439.00 0.12
223 601872 招商轮船 23,800.00 133,042.00 0.12
224 688122 西部超导 1,400.00 132,566.00 0.12
225 002601 龙佰集团 7,000.00 132,440.00 0.12
226 600674 川投能源 10,800.00 132,084.00 0.12
227 300496 中科创达 1,300.00 130,390.00 0.11
228 000786 北新建材 5,015.00 129,788.20 0.11
229 601995 中金公司 3,400.00 129,642.00 0.11
230 603345 安井食品 800.00 129,504.00 0.11
231 688390 固德威 400.00 129,236.00 0.11
232 000069 华侨城 A 24,100.00 128,453.00 0.11
233 603613 国联股份 1,450.00 128,238.00 0.11
234 688777 中控技术 1,400.00 127,162.00 0.11
235 688063 派能科技 400.00 126,260.00 0.11
236 002384 东山精密 5,100.00 126,123.00 0.11
237 603198 迎驾贡酒 2,000.00 125,560.00 0.11
238 002252 上海莱士 19,800.00 125,532.00 0.11
239 002841 视源股份 2,111.00 124,633.44 0.11
240 000799 酒鬼酒 900.00 124,146.00 0.11
241 603486 科沃斯 1,700.00 123,998.00 0.11
242 002120 韵达股份 8,600.00 123,668.00 0.11
243 603737 三棵树 1,080.00 122,936.40 0.11
244 600026 中远海能 10,200.00 122,910.00 0.11
245 600160 巨化股份 7,900.00 122,529.00 0.11
246 600803 新奥股份 7,600.00 122,360.00 0.11
247 002007 华兰生物 5,400.00 122,202.00 0.11
248 600584 长电科技 5,300.00 122,165.00 0.11
249 600332 白云山 4,100.00 122,139.00 0.11
250 300003 乐普医疗 5,300.00 121,741.00 0.11
251 600779 水井坊 1,438.00 121,395.96 0.11
252 600153 建发股份 8,865.00 121,007.25 0.11
253 000629 钒钛股份 25,300.00 119,669.00 0.10
254 000408 藏格矿业 4,600.00 119,462.00 0.10
255 300957 贝泰妮 800.00 119,392.00 0.10
256 002555 三七互娱 6,500.00 117,650.00 0.10
257 600298 安琪酵母 2,600.00 117,572.00 0.10
258 601881 中国银河 12,600.00 117,054.00 0.10
259 600536 中国软件 2,000.00 116,660.00 0.10
260 600884 杉杉股份 6,400.00 116,480.00 0.10
261 603260 合盛硅业 1,400.00 116,116.00 0.10
262 002013 中航机电 11,500.00 115,575.00 0.10
263 300832 新产业 2,300.00 115,322.00 0.10
264 300347 泰格医药 1,100.00 115,280.00 0.10
265 002568 百润股份 3,084.00 115,218.24 0.10
266 300769 德方纳米 500.00 114,795.00 0.10
267 600219 南山铝业 35,100.00 114,777.00 0.10
268 000723 美锦能源 12,700.00 114,554.00 0.10
269 603185 上机数控 1,080.00 114,318.00 0.10
270 002430 杭氧股份 2,900.00 114,144.00 0.10
271 300146 汤臣倍健 5,000.00 114,100.00 0.10
272 300724 捷佳伟创 1,000.00 114,020.00 0.10
273 600096 云天化 5,400.00 113,616.00 0.10
274 000807 云铝股份 10,200.00 113,424.00 0.10
275 601878 浙商证券 11,400.00 113,202.00 0.10
276 000157 中联重科 20,800.00 113,152.00 0.10
277 603233 大参林 2,840.00 112,464.00 0.10
278 600079 人福医药 4,700.00 112,283.00 0.10
279 300144 宋城演艺 7,680.00 112,128.00 0.10
280 688385 复旦微电 1,600.00 111,696.00 0.10
281 300919 中伟股份 1,700.00 111,537.00 0.10
282 002202 金风科技 10,100.00 111,100.00 0.10
283 002422 科伦药业 4,158.00 110,644.38 0.10
284 002756 永兴材料 1,200.00 110,604.00 0.10
285 688536 思瑞浦 400.00 110,164.00 0.10
286 603517 绝味食品 1,800.00 109,962.00 0.10
287 688187 时代电气 2,000.00 109,140.00 0.10
288 600918 中泰证券 17,000.00 108,970.00 0.10
289 002385 大北农 12,209.00 108,660.10 0.10
290 002294 信立泰 3,300.00 108,405.00 0.10
291 300699 光威复材 1,500.00 108,375.00 0.10
292 300207 欣旺达 5,100.00 107,865.00 0.09
293 002625 光启技术 6,300.00 107,226.00 0.09
294 002080 中材科技 5,000.00 107,150.00 0.09
295 002414 高德红外 9,675.00 106,425.00 0.09
296 600362 江西铜业 6,100.00 106,323.00 0.09
297 603456 九洲药业 2,500.00 106,075.00 0.09
298 300601 康泰生物 3,320.00 104,679.60 0.09
299 603816 顾家家居 2,450.00 104,639.50 0.09
300 688188 柏楚电子 480.00 104,198.40 0.09
301 002340 格林美 14,000.00 104,020.00 0.09
302 600487 亨通光电 6,900.00 103,914.00 0.09
303 002518 科士达 1,800.00 103,680.00 0.09
304 603589 口子窖 1,784.00 102,883.28 0.09
305 601233 桐昆股份 7,100.00 102,595.00 0.09
306 002916 深南电路 1,420.00 102,453.00 0.09
307 601799 星宇股份 800.00 101,896.00 0.09
308 603882 金域医学 1,300.00 101,660.00 0.09
309 688009 中国通号 21,200.00 101,548.00 0.09
310 300438 鹏辉能源 1,300.00 101,387.00 0.09
311 002236 大华股份 8,900.00 100,659.00 0.09
312 300390 天华超净 1,800.00 100,584.00 0.09
313 600348 华阳股份 7,000.00 99,750.00 0.09
314 002064 华峰化学 14,600.00 99,280.00 0.09
315 601216 君正集团 24,800.00 98,952.00 0.09
316 000933 神火股份 6,600.00 98,736.00 0.09
317 300223 北京君正 1,400.00 98,616.00 0.09
318 300037 新宙邦 2,260.00 98,242.20 0.09
319 002372 伟星新材 4,600.00 98,164.00 0.09
320 600183 生益科技 6,800.00 97,988.00 0.09
321 002240 盛新锂能 2,600.00 97,474.00 0.09
322 000738 航发控制 3,800.00 97,432.00 0.09
323 000066 中国长城 9,500.00 96,900.00 0.08
324 601108 财通证券 13,590.00 96,760.80 0.08
325 601555 东吴证券 14,786.00 96,552.58 0.08
326 300595 欧普康视 2,690.00 96,033.00 0.08
327 600563 法拉电子 600.00 95,928.00 0.08
328 603596 伯特利 1,200.00 95,760.00 0.08
329 600141 兴发集团 3,300.00 95,700.00 0.08
330 002223 鱼跃医疗 3,000.00 95,580.00 0.08
331 000932 华菱钢铁 20,300.00 95,410.00 0.08
332 000831 中国稀土 2,900.00 95,352.00 0.08
333 600521 华海药业 4,320.00 94,435.20 0.08
334 688301 奕瑞科技 205.00 93,865.40 0.08
335 603568 伟明环保 5,060.00 93,761.80 0.08
336 002791 坚朗五金 900.00 93,555.00 0.08
337 002600 领益智造 20,600.00 93,524.00 0.08
338 600486 扬农化工 900.00 93,510.00 0.08
339 600985 淮北矿业 7,300.00 93,440.00 0.08
340 000630 铜陵有色 29,800.00 92,976.00 0.08
341 000977 浪潮信息 4,300.00 92,536.00 0.08
342 601077 渝农商行 26,000.00 91,780.00 0.08
343 000009 中国宝安 7,500.00 90,675.00 0.08
344 000975 银泰黄金 8,200.00 90,528.00 0.08
345 601058 赛轮轮胎 9,000.00 90,180.00 0.08
346 002078 太阳纸业 7,800.00 89,856.00 0.08
347 601880 辽港股份 55,300.00 89,586.00 0.08
348 002831 裕同科技 2,700.00 89,289.00 0.08
349 002176 江特电机 5,100.00 88,995.00 0.08
350 603885 吉祥航空 5,500.00 88,990.00 0.08
351 601636 旗滨集团 7,800.00 88,842.00 0.08
352 000027 深圳能源 13,900.00 88,404.00 0.08
353 000729 燕京啤酒 8,300.00 88,146.00 0.08
354 002056 横店东磁 4,700.00 88,078.00 0.08
355 601966 玲珑轮胎 4,300.00 88,064.00 0.08
356 002532 天山铝业 11,400.00 88,008.00 0.08
357 002028 思源电气 2,300.00 87,906.00 0.08
358 600655 豫园股份 11,500.00 87,515.00 0.08
359 601696 中银证券 8,200.00 86,674.00 0.08
360 000783 长江证券 16,200.00 86,346.00 0.08
361 600177 雅戈尔 13,600.00 86,088.00 0.08
362 600705 中航产融 26,200.00 85,936.00 0.08
363 002299 圣农发展 3,600.00 85,284.00 0.07
364 605358 立昂微 2,000.00 85,200.00 0.07
365 600872 中炬高新 2,300.00 84,801.00 0.07
366 688099 晶晨股份 1,200.00 84,612.00 0.07
367 603707 健友股份 4,678.00 84,391.12 0.07
368 600415 小商品城 16,100.00 84,364.00 0.07
369 000591 太阳能 11,500.00 84,295.00 0.07
370 002738 中矿资源 1,260.00 83,991.60 0.07
371 600848 上海临港 7,040.00 83,916.80 0.07
372 002353 杰瑞股份 3,000.00 83,730.00 0.07
373 002602 世纪华通 21,960.00 83,667.60 0.07
374 600038 中直股份 1,800.00 83,538.00 0.07
375 002966 苏州银行 10,700.00 83,246.00 0.07
376 002850 科达利 700.00 83,167.00 0.07
377 000683 远兴能源 10,600.00 83,104.00 0.07
378 600021 上海电力 8,300.00 83,083.00 0.07
379 300357 我武生物 1,502.00 82,760.20 0.07
380 688005 容百科技 1,200.00 82,500.00 0.07
381 002939 长城证券 9,900.00 81,972.00 0.07
382 600258 首旅酒店 3,300.00 81,840.00 0.07
383 000423 东阿阿胶 2,000.00 81,400.00 0.07
384 002244 滨江集团 9,200.00 81,236.00 0.07
385 000728 国元证券 12,800.00 81,024.00 0.07
386 000519 中兵红箭 4,100.00 80,524.00 0.07
387 688516 奥特维 400.00 80,400.00 0.07
388 600549 厦门钨业 4,110.00 80,350.50 0.07
389 603712 七一二 2,300.00 80,316.00 0.07
390 300604 长川科技 1,800.00 80,244.00 0.07
391 002531 天顺风能 5,300.00 80,189.00 0.07
392 002673 西部证券 13,100.00 79,779.00 0.07
393 601577 长沙银行 11,800.00 79,768.00 0.07
394 600499 科达制造 5,600.00 79,576.00 0.07
395 002497 雅化集团 3,400.00 79,050.00 0.07
396 300073 当升科技 1,400.00 78,960.00 0.07
397 300373 扬杰科技 1,500.00 78,900.00 0.07
398 600583 海油工程 13,000.00 78,780.00 0.07
399 601456 国联证券 7,000.00 78,750.00 0.07
400 603077 和邦生物 25,900.00 78,736.00 0.07
401 300568 星源材质 3,696.00 78,576.96 0.07
402 002185 华天科技 9,400.00 77,926.00 0.07
403 002508 老板电器 2,800.00 77,728.00 0.07
404 002153 石基信息 5,168.00 77,468.32 0.07
405 600673 东阳光 8,900.00 77,341.00 0.07
406 002405 四维图新 7,000.00 77,140.00 0.07
407 300395 菲利华 1,400.00 77,000.00 0.07
408 000155 川能动力 4,300.00 76,712.00 0.07
409 002407 多氟多 2,300.00 76,636.00 0.07
410 002268 电科网安 2,500.00 76,325.00 0.07
411 603127 昭衍新药 1,304.00 76,166.64 0.07
412 002032 苏泊尔 1,539.00 76,118.94 0.07
413 600056 中国医药 4,400.00 75,812.00 0.07
414 000739 普洛药业 3,500.00 75,390.00 0.07
415 300251 光线传媒 8,700.00 75,342.00 0.07
416 000703 恒逸石化 10,691.00 75,157.73 0.07
417 300529 健帆生物 2,420.00 74,947.40 0.07
418 000987 越秀资本 12,319.00 73,790.81 0.06
419 600704 物产中大 15,300.00 73,593.00 0.06
420 601666 平煤股份 6,800.00 73,508.00 0.06
421 000893 亚钾国际 2,700.00 73,386.00 0.06
422 601198 东兴证券 9,475.00 73,147.00 0.06
423 600369 西南证券 19,500.00 73,125.00 0.06
424 600598 北大荒 5,300.00 72,928.00 0.06
425 600392 盛和资源 5,200.00 72,800.00 0.06
426 000825 太钢不锈 16,800.00 72,576.00 0.06
427 002152 广电运通 7,300.00 72,562.00 0.06
428 002156 通富微电 4,400.00 72,512.00 0.06
429 002624 完美世界 5,700.00 72,504.00 0.06
430 600998 九州通 5,500.00 71,720.00 0.06
431 601168 西部矿业 7,000.00 71,400.00 0.06
432 603267 鸿远电子 700.00 70,812.00 0.06
433 600566 济川药业 2,600.00 70,772.00 0.06
434 000830 鲁西化工 5,700.00 70,623.00 0.06
435 002409 雅克科技 1,400.00 70,518.00 0.06
436 000709 河钢股份 31,200.00 70,512.00 0.06
437 000960 锡业股份 5,000.00 70,500.00 0.06
438 002044 美年健康 11,500.00 70,495.00 0.06
439 601866 中远海发 29,100.00 70,422.00 0.06
440 000800 一汽解放 9,100.00 70,343.00 0.06
441 603605 珀莱雅 420.00 70,341.60 0.06
442 002128 电投能源 5,700.00 70,338.00 0.06
443 002487 大金重工 1,700.00 70,329.00 0.06
444 002797 第一创业 12,400.00 69,812.00 0.06
445 301035 润丰股份 800.00 69,680.00 0.06
446 603338 浙江鼎力 1,440.00 68,904.00 0.06
447 002192 融捷股份 700.00 68,530.00 0.06
448 600516 方大炭素 11,160.00 68,299.20 0.06
449 600170 上海建工 26,200.00 68,120.00 0.06
450 601991 大唐发电 24,300.00 67,797.00 0.06
451 603858 步长制药 3,200.00 67,232.00 0.06
452 600688 上海石化 21,600.00 67,176.00 0.06
453 002507 涪陵榨菜 2,600.00 67,002.00 0.06
454 002463 沪电股份 5,620.00 66,878.00 0.06
455 000937 冀中能源 10,400.00 66,144.00 0.06
456 300363 博腾股份 1,600.00 65,360.00 0.06
457 300308 中际旭创 2,400.00 64,872.00 0.06
458 002030 达安基因 4,128.00 64,231.68 0.06
459 000401 冀东水泥 7,800.00 64,194.00 0.06
460 300034 钢研高纳 1,400.00 64,176.00 0.06
461 300776 帝尔激光 500.00 63,000.00 0.06
462 002138 顺络电子 2,400.00 62,832.00 0.06
463 603444 吉比特 200.00 62,568.00 0.05
464 000050 深天马 A 7,200.00 62,352.00 0.05
465 601992 金隅集团 24,500.00 62,230.00 0.05
466 600380 健康元 5,500.00 62,095.00 0.05
467 300676 华大基因 1,200.00 62,028.00 0.05
468 600338 西藏珠峰 2,700.00 61,884.00 0.05
469 002266 浙富控股 15,800.00 61,778.00 0.05
470 000513 丽珠集团 1,900.00 61,712.00 0.05
471 000998 隆平高科 3,800.00 61,066.00 0.05
472 002541 鸿路钢构 2,050.00 60,044.50 0.05
473 688202 美迪西 280.00 59,889.20 0.05
474 600801 华新水泥 4,000.00 59,280.00 0.05
475 603866 桃李面包 3,848.00 59,259.20 0.05
476 002408 齐翔腾达 8,400.00 59,136.00 0.05
477 300558 贝达药业 1,200.00 59,124.00 0.05
478 603218 日月股份 2,900.00 58,870.00 0.05
479 002926 华西证券 7,700.00 57,981.00 0.05
480 601016 节能风电 14,900.00 56,769.00 0.05
481 002326 永太科技 2,600.00 56,758.00 0.05
482 002092 中泰化学 7,600.00 56,696.00 0.05
483 600699 均胜电子 4,000.00 56,200.00 0.05
484 002500 山西证券 10,550.00 55,915.00 0.05
485 002465 海格通信 6,800.00 55,216.00 0.05
486 600711 盛屯矿业 9,300.00 54,777.00 0.05
487 002145 中核钛白 8,820.00 54,331.20 0.05
488 000750 国海证券 16,000.00 53,280.00 0.05
489 002065 东华软件 9,400.00 53,204.00 0.05
490 300726 宏达电子 1,200.00 52,968.00 0.05
491 600295 鄂尔多斯 3,420.00 51,949.80 0.05
492 300850 新强联 950.00 50,616.00 0.04
493 300070 碧水源 10,600.00 50,138.00 0.04
494 002506 协鑫集成 17,200.00 50,052.00 0.04
495 600885 宏发股份 1,480.00 49,446.80 0.04
496 000988 华工科技 3,000.00 49,230.00 0.04
497 688006 杭可科技 1,086.00 47,534.22 0.04
498 002456 欧菲光 9,600.00 45,216.00 0.04
499 688002 睿创微纳 1,200.00 44,628.00 0.04
500 002557 洽洽食品 700.00 35,000.00 0.03
