1 600519 贵州茅台 4,248.00 8,708,400.00 5.36
2 300750 宁德时代 7,744.00 4,553,472.00 2.80
3 600036 招商银行 68,225.00 3,323,239.75 2.05
4 000858 五粮液 13,100.00 2,916,846.00 1.80
5 601318 中国平安 36,020.00 1,815,768.20 1.12
6 600900 长江电力 75,780.00 1,720,206.00 1.06
7 002594 比亚迪 5,953.00 1,596,118.36 0.98
8 601012 隆基股份 18,000.00 1,551,600.00 0.96
9 300760 迈瑞医疗 4,067.00 1,548,713.60 0.95
10 601888 中国中免 6,344.00 1,391,937.04 0.86
11 601166 兴业银行 68,500.00 1,304,240.00 0.80
12 600809 山西汾酒 4,120.00 1,301,013.60 0.80
13 000568 泸州老窖 5,059.00 1,284,328.33 0.79
14 300059 东方财富 34,172.00 1,268,122.92 0.78
15 603288 海天味业 11,756.00 1,235,673.16 0.76
16 002475 立讯精密 23,350.00 1,148,820.00 0.71
17 002352 顺丰控股 16,300.00 1,123,396.00 0.69
18 600276 恒瑞医药 21,428.00 1,086,613.88 0.67
19 000001 平安银行 64,000.00 1,054,720.00 0.65
20 600309 万华化学 10,200.00 1,030,200.00 0.63
21 603259 药明康德 8,416.00 997,969.28 0.61
22 002714 牧原股份 18,066.00 964,001.76 0.59
23 601398 工商银行 206,900.00 957,947.00 0.59
24 600030 中信证券 35,100.00 926,991.00 0.57
25 603501 韦尔股份 2,827.00 878,546.79 0.54
26 600436 片仔癀 2,000.00 874,300.00 0.54
27 600887 伊利股份 20,300.00 841,638.00 0.52
28 002304 洋河股份 5,083.00 837,322.59 0.52
29 600000 浦发银行 97,515.00 831,802.95 0.51
30 002142 宁波银行 21,484.00 822,407.52 0.51
31 002812 恩捷股份 3,100.00 776,240.00 0.48
32 300015 爱尔眼科 18,146.00 767,212.88 0.47
33 600406 国电南瑞 19,080.00 763,772.40 0.47
34 300014 亿纬锂能 6,245.00 738,034.10 0.45
35 601919 中远海控 39,190.00 732,461.10 0.45
36 601288 农业银行 245,900.00 722,946.00 0.44
37 300274 阳光电源 4,800.00 699,840.00 0.43
38 601668 中国建筑 138,000.00 690,000.00 0.42
39 300122 智飞生物 5,386.00 671,095.60 0.41
40 601899 紫金矿业 68,400.00 663,480.00 0.41
41 600438 通威股份 14,693.00 660,597.28 0.41
42 601816 京沪高铁 134,000.00 647,220.00 0.40
43 600031 三一重工 28,200.00 642,960.00 0.40
44 000002 万科 A 32,437.00 640,955.12 0.39
45 000725 京东方 A 123,900.00 625,695.00 0.39
46 002241 歌尔股份 11,500.00 622,150.00 0.38
47 600048 保利发展 39,800.00 622,074.00 0.38
48 601601 中国太保 22,600.00 612,912.00 0.38
49 600690 海尔智家 20,400.00 609,756.00 0.38
50 002493 荣盛石化 33,047.00 600,133.52 0.37
51 601328 交通银行 129,500.00 596,995.00 0.37
52 300124 汇川技术 8,650.00 593,390.00 0.37
53 600111 北方稀土 12,600.00 577,080.00 0.36
54 600893 航发动力 8,600.00 545,756.00 0.34
55 600745 闻泰科技 4,200.00 543,060.00 0.33
56 600019 宝钢股份 75,000.00 537,000.00 0.33
57 600104 上汽集团 25,900.00 534,317.00 0.33
58 002460 赣锋锂业 3,720.00 531,402.00 0.33
59 600585 海螺水泥 13,047.00 525,794.10 0.32
60 002371 北方华创 1,500.00 520,530.00 0.32
61 601088 中国神华 21,800.00 490,936.00 0.30
62 601766 中国中车 78,100.00 475,629.00 0.29
63 002459 晶澳科技 5,100.00 472,770.00 0.29
64 000776 广发证券 19,100.00 469,669.00 0.29
65 603799 华友钴业 4,200.00 463,302.00 0.29
66 600016 民生银行 116,600.00 454,740.00 0.28
67 601818 光大银行 135,600.00 450,192.00 0.28
68 601658 邮储银行 87,700.00 447,270.00 0.28
69 600028 中国石化 105,400.00 445,842.00 0.27
70 002129 中环股份 10,602.00 442,633.50 0.27
71 601211 国泰君安 24,700.00 441,883.00 0.27
72 000538 云南白药 4,200.00 439,530.00 0.27
73 600999 招商证券 24,493.00 432,301.45 0.27
74 600010 包钢股份 154,200.00 430,218.00 0.26
75 000063 中兴通讯 12,800.00 428,800.00 0.26
76 600346 恒力石化 18,600.00 427,242.00 0.26
77 601688 华泰证券 23,900.00 424,464.00 0.26
78 601066 中信建投 14,300.00 418,275.00 0.26
79 603806 福斯特 3,200.00 417,760.00 0.26
80 601669 中国电建 51,500.00 416,120.00 0.26
81 300498 温氏股份 21,280.00 409,852.80 0.25
82 002311 海大集团 5,500.00 403,150.00 0.25
83 600050 中国联通 101,600.00 399,288.00 0.25
84 002230 科大讯飞 7,600.00 399,076.00 0.25
85 000338 潍柴动力 22,300.00 398,947.00 0.25
86 601985 中国核电 48,000.00 398,400.00 0.25
87 002027 分众传媒 48,600.00 398,034.00 0.24
88 601225 陕西煤业 32,400.00 395,280.00 0.24
89 002821 凯莱英 900.00 391,500.00 0.24
90 600837 海通证券 31,900.00 391,094.00 0.24
91 601390 中国中铁 67,300.00 389,667.00 0.24
92 603659 璞泰来 2,400.00 385,464.00 0.24
93 002049 紫光国微 1,700.00 382,500.00 0.24
94 000661 长春高新 1,400.00 379,960.00 0.23
95 601877 正泰电器 7,000.00 377,230.00 0.23
96 300433 蓝思科技 16,400.00 376,872.00 0.23
97 000166 申万宏源 73,600.00 376,832.00 0.23
98 300896 爱美客 700.00 375,277.00 0.23
99 603986 兆易创新 2,132.00 374,912.20 0.23
100 300782 卓胜微 1,140.00 372,552.00 0.23
101 688111 金山办公 1,400.00 371,000.00 0.23
102 002709 天赐材料 3,190.00 365,733.50 0.23
103 600588 用友网络 10,131.00 363,500.28 0.22
104 601100 恒立液压 4,366.00 357,138.80 0.22
105 001979 招商蛇口 26,501.00 353,523.34 0.22
106 601988 中国银行 115,900.00 353,495.00 0.22
107 300413 芒果超媒 6,135.00 351,044.70 0.22
108 601857 中国石油 71,400.00 350,574.00 0.22
109 601633 长城汽车 7,200.00 349,488.00 0.22
110 600150 中国船舶 14,000.00 347,060.00 0.21
111 688036 传音控股 2,200.00 345,180.00 0.21
112 000596 古井贡酒 1,400.00 341,600.00 0.21
113 600989 宝丰能源 19,300.00 335,048.00 0.21
114 601229 上海银行 46,766.00 333,441.58 0.21
115 600196 复星医药 6,500.00 318,110.00 0.20
116 000625 长安汽车 20,920.00 317,774.80 0.20
117 603993 洛阳钼业 56,900.00 317,502.00 0.20
118 300759 康龙化成 2,200.00 310,794.00 0.19
119 601169 北京银行 69,900.00 310,356.00 0.19
120 603392 万泰生物 1,400.00 310,100.00 0.19
121 300999 金龙鱼 4,900.00 308,357.00 0.19
122 600660 福耀玻璃 6,500.00 306,410.00 0.19
123 000895 双汇发展 9,600.00 302,880.00 0.19
124 600570 恒生电子 4,860.00 302,049.00 0.19
125 601360 三六零 23,299.00 296,363.28 0.18
126 601009 南京银行 32,700.00 292,992.00 0.18
127 002050 三花智控 11,550.00 292,215.00 0.18
128 300316 晶盛机电 4,200.00 291,900.00 0.18
129 600958 东方证券 19,700.00 290,378.00 0.18
130 600741 华域汽车 10,200.00 288,660.00 0.18
131 300142 沃森生物 5,100.00 286,620.00 0.18
132 000100 TCL 科技 46,100.00 284,437.00 0.18
133 600919 江苏银行 48,650.00 283,629.50 0.17
134 601138 工业富联 23,500.00 280,120.00 0.17
135 688012 中微公司 2,200.00 278,520.00 0.17
136 601865 福莱特 4,800.00 278,112.00 0.17
137 002001 新和成 8,720.00 271,366.40 0.17
138 300454 深信服 1,400.00 267,400.00 0.16
139 601336 新华保险 6,851.00 266,366.88 0.16
140 601600 中国铝业 43,600.00 265,524.00 0.16
141 601628 中国人寿 8,800.00 264,792.00 0.16
142 600886 国投电力 23,000.00 263,810.00 0.16
143 300408 三环集团 5,900.00 263,140.00 0.16
144 603833 欧派家居 1,781.00 262,697.50 0.16
145 300661 圣邦股份 850.00 262,650.00 0.16
146 600089 特变电工 12,200.00 258,274.00 0.16
147 600132 重庆啤酒 1,700.00 257,244.00 0.16
148 300751 迈为股份 400.00 256,920.00 0.16
149 603486 科沃斯 1,700.00 256,615.00 0.16
150 000799 酒鬼酒 1,200.00 255,000.00 0.16
151 600926 杭州银行 19,412.00 248,861.84 0.15
152 002736 国信证券 21,000.00 241,080.00 0.15
153 600029 南方航空 35,200.00 239,712.00 0.15
154 300033 同花顺 1,656.00 239,424.48 0.15
155 000723 美锦能源 14,700.00 238,581.00 0.15
156 600015 华夏银行 42,500.00 238,000.00 0.15
157 603369 今世缘 4,300.00 233,920.00 0.14
158 300628 亿联网络 2,850.00 232,132.50 0.14
159 600176 中国巨石 12,745.00 231,959.00 0.14
160 000876 新希望 15,200.00 231,192.00 0.14
161 002236 大华股份 9,800.00 230,104.00 0.14
162 601117 中国化学 19,100.00 229,200.00 0.14
163 000963 华东医药 5,700.00 229,140.00 0.14
164 603290 斯达半导 600.00 228,600.00 0.14
165 600011 华能国际 23,500.00 227,715.00 0.14
166 600600 青岛啤酒 2,300.00 227,700.00 0.14
167 300207 欣旺达 5,400.00 227,664.00 0.14
168 600460 士兰微 4,200.00 227,640.00 0.14
169 002920 德赛西威 1,600.00 226,416.00 0.14
170 601155 新城控股 7,731.00 225,204.03 0.14
171 600547 山东黄金 11,960.00 225,087.20 0.14
172 601618 中国中冶 58,600.00 224,438.00 0.14
173 600845 宝信软件 3,643.00 221,603.69 0.14
174 601377 兴业证券 22,200.00 219,336.00 0.14
175 600763 通策医疗 1,100.00 218,900.00 0.13
176 002013 中航机电 12,000.00 218,160.00 0.13
177 688008 澜起科技 2,600.00 218,062.00 0.13
178 002791 坚朗五金 1,200.00 217,908.00 0.13
179 002648 卫星化学 5,440.00 217,763.20 0.13
180 002601 龙佰集团 7,600.00 217,284.00 0.13
181 300601 康泰生物 2,200.00 216,788.00 0.13
182 300223 北京君正 1,600.00 214,400.00 0.13
183 002938 鹏鼎控股 5,000.00 212,150.00 0.13
184 000733 振华科技 1,700.00 211,276.00 0.13
185 601901 方正证券 26,900.00 210,896.00 0.13
186 600426 华鲁恒升 6,710.00 210,023.00 0.13
187 002916 深南电路 1,720.00 209,530.40 0.13
188 000938 紫光股份 9,131.00 208,643.35 0.13
189 600779 水井坊 1,738.00 208,542.62 0.13
190 300763 锦浪科技 900.00 208,395.00 0.13
191 300496 中科创达 1,500.00 207,630.00 0.13
192 002756 永兴材料 1,400.00 207,228.00 0.13
193 000301 东方盛虹 10,700.00 206,938.00 0.13
194 002602 世纪华通 24,360.00 204,380.40 0.13
195 601799 星宇股份 1,000.00 204,250.00 0.13
196 601727 上海电气 41,800.00 203,148.00 0.13
197 600875 东方电气 9,400.00 201,348.00 0.12
198 603899 晨光文具 3,100.00 199,981.00 0.12
199 601111 中国国航 21,900.00 199,947.00 0.12
200 002074 国轩高科 3,900.00 199,875.00 0.12
201 603260 合盛硅业 1,500.00 197,955.00 0.12
202 000786 北新建材 5,515.00 197,602.45 0.12
203 600383 金地集团 15,100.00 195,847.00 0.12
204 600188 兖矿能源 8,300.00 195,299.00 0.12
205 002555 三七互娱 7,200.00 194,544.00 0.12
206 601788 光大证券 12,900.00 192,597.00 0.12
207 601916 浙商银行 55,000.00 192,500.00 0.12
208 601689 拓普集团 3,600.00 190,800.00 0.12
209 000069 华侨城 A 27,100.00 190,784.00 0.12
210 300450 先导智能 2,560.00 190,387.20 0.12
211 603882 金域医学 1,700.00 189,329.00 0.12
212 600219 南山铝业 40,100.00 188,871.00 0.12
213 002120 韵达股份 9,200.00 188,232.00 0.12
214 002202 金风科技 11,400.00 187,758.00 0.12
215 600918 中泰证券 18,700.00 186,439.00 0.11
216 002414 高德红外 7,682.00 185,981.22 0.11
217 601939 建设银行 31,600.00 185,176.00 0.11
218 600039 四川路桥 15,300.00 184,212.00 0.11
219 600795 国电电力 57,500.00 182,275.00 0.11
220 600885 宏发股份 2,400.00 179,136.00 0.11
221 603737 三棵树 1,280.00 178,112.00 0.11
222 002080 中材科技 5,200.00 176,904.00 0.11
223 600183 生益科技 7,500.00 176,625.00 0.11
224 600754 锦江酒店 3,000.00 175,800.00 0.11
225 002007 华兰生物 6,000.00 174,840.00 0.11
226 002600 领益智造 23,700.00 174,432.00 0.11
227 600061 国投资本 21,192.00 174,198.24 0.11
228 600584 长电科技 5,600.00 173,712.00 0.11
229 603160 汇顶科技 1,600.00 172,432.00 0.11
230 000977 浪潮信息 4,800.00 171,984.00 0.11
231 002841 视源股份 2,111.00 171,835.40 0.11
232 601995 中金公司 3,500.00 171,605.00 0.11
233 603707 健友股份 4,060.00 170,520.00 0.10
234 688126 沪硅产业 6,600.00 170,412.00 0.10
235 601233 桐昆股份 8,000.00 169,440.00 0.10
236 601878 浙商证券 12,800.00 168,704.00 0.10
237 601966 玲珑轮胎 4,600.00 168,130.00 0.10
238 002625 光启技术 7,000.00 168,070.00 0.10
239 002180 纳思达 3,500.00 167,160.00 0.10
240 300347 泰格医药 1,300.00 166,140.00 0.10
241 000157 中联重科 23,100.00 165,627.00 0.10
242 600018 上港集团 30,200.00 165,496.00 0.10
243 600233 圆通速递 9,800.00 163,464.00 0.10
244 600298 安琪酵母 2,700.00 162,972.00 0.10
245 002064 华峰化学 15,600.00 162,864.00 0.10
246 600563 法拉电子 700.00 162,680.00 0.10
247 688169 石头科技 200.00 162,600.00 0.10
248 601615 明阳智能 6,200.00 161,820.00 0.10
249 688180 君实生物 2,400.00 160,752.00 0.10
250 600332 白云山 4,700.00 160,740.00 0.10
251 600038 中直股份 2,000.00 160,600.00 0.10
252 300595 欧普康视 2,790.00 160,062.30 0.10
253 688006 杭可科技 1,486.00 159,863.88 0.10
254 600522 中天科技 9,400.00 159,424.00 0.10
255 300037 新宙邦 1,400.00 158,200.00 0.10
256 601881 中国银河 14,100.00 157,779.00 0.10
257 002340 格林美 15,200.00 157,320.00 0.10
258 002240 盛新锂能 2,700.00 156,465.00 0.10
259 000425 徐工机械 26,000.00 155,740.00 0.10
260 688122 西部超导 1,600.00 155,104.00 0.10
261 603816 顾家家居 2,000.00 154,320.00 0.09
262 600115 中国东航 29,900.00 154,284.00 0.09
263 600362 江西铜业 6,900.00 154,077.00 0.09
264 603345 安井食品 900.00 153,702.00 0.09
265 603456 九洲药业 2,700.00 151,902.00 0.09
266 002384 东山精密 5,600.00 151,760.00 0.09
267 600674 川投能源 12,100.00 151,250.00 0.09
268 300146 汤臣倍健 5,600.00 150,976.00 0.09
269 601636 旗滨集团 8,800.00 150,480.00 0.09
270 603185 上机数控 900.00 150,282.00 0.09
271 601555 东吴证券 16,886.00 149,609.96 0.09
272 600009 上海机场 3,200.00 149,408.00 0.09
273 601058 赛轮轮胎 10,100.00 149,379.00 0.09
274 002252 上海莱士 21,900.00 149,358.00 0.09
275 300724 捷佳伟创 1,300.00 148,590.00 0.09
276 601216 君正集团 28,400.00 148,532.00 0.09
277 603589 口子窖 2,084.00 147,693.08 0.09
278 002568 百润股份 2,460.00 147,181.80 0.09
279 600256 广汇能源 22,400.00 146,496.00 0.09
280 603605 珀莱雅 700.00 145,817.00 0.09
281 002268 卫士通 2,600.00 145,444.00 0.09
282 600803 新奥股份 7,900.00 145,044.00 0.09
283 300529 健帆生物 2,720.00 144,976.00 0.09
284 600486 扬农化工 1,100.00 144,320.00 0.09
285 601838 成都银行 12,000.00 144,000.00 0.09
286 300699 光威复材 1,700.00 143,616.00 0.09
287 603267 鸿远电子 800.00 143,552.00 0.09
288 603517 绝味食品 2,100.00 143,493.00 0.09
289 002385 大北农 13,609.00 142,758.41 0.09
290 603568 伟明环保 3,900.00 142,467.00 0.09
291 300073 当升科技 1,600.00 138,992.00 0.09
292 603198 迎驾贡酒 2,000.00 138,900.00 0.09
293 002326 永太科技 2,700.00 138,267.00 0.09
294 000739 普洛药业 3,900.00 136,851.00 0.08
295 000783 长江证券 18,100.00 136,474.00 0.08
296 002624 完美世界 6,700.00 136,077.00 0.08
297 600516 方大炭素 12,560.00 135,899.20 0.08
298 600352 浙江龙盛 10,700.00 135,141.00 0.08
299 601108 财通证券 12,100.00 134,552.00 0.08
300 603127 昭衍新药 1,160.00 133,898.80 0.08
301 000825 太钢不锈 19,000.00 133,760.00 0.08
302 300003 乐普医疗 5,900.00 133,517.00 0.08
303 000066 中国长城 9,400.00 133,104.00 0.08
304 600161 天坛生物 4,580.00 132,636.80 0.08
305 600141 兴发集团 3,500.00 132,580.00 0.08
306 002185 华天科技 10,400.00 132,184.00 0.08
307 603338 浙江鼎力 1,640.00 131,626.40 0.08
308 000738 航发控制 4,300.00 130,204.00 0.08
309 300726 宏达电子 1,300.00 130,078.00 0.08
310 002409 雅克科技 1,600.00 129,872.00 0.08
311 300390 天华超净 1,600.00 129,600.00 0.08
312 603019 中科曙光 4,700.00 129,579.00 0.08
313 603613 国联股份 1,200.00 129,000.00 0.08
314 002850 科达利 800.00 128,272.00 0.08
315 603939 益丰药房 2,316.00 127,634.76 0.08
316 601607 上海医药 6,400.00 127,168.00 0.08
317 688208 道通科技 1,600.00 127,040.00 0.08
318 002024 苏宁易购 30,800.00 126,896.00 0.08
319 002372 伟星新材 5,200.00 126,464.00 0.08
320 000703 恒逸石化 11,891.00 126,282.42 0.08
321 002266 浙富控股 17,700.00 126,024.00 0.08
322 000831 五矿稀土 3,200.00 124,864.00 0.08
323 002223 鱼跃医疗 3,300.00 124,740.00 0.08
324 002532 天山铝业 15,300.00 124,695.00 0.08
325 000009 中国宝安 8,600.00 124,098.00 0.08
326 002353 杰瑞股份 3,100.00 124,000.00 0.08
327 300251 光线传媒 9,600.00 123,360.00 0.08
328 601198 东兴证券 10,575.00 122,987.25 0.08
329 300676 华大基因 1,400.00 122,920.00 0.08
330 600027 华电国际 22,900.00 122,515.00 0.08
331 000630 铜陵有色 35,100.00 122,148.00 0.08
332 300144 宋城演艺 8,480.00 121,433.60 0.07
333 600606 绿地控股 27,940.00 121,259.60 0.07
334 601933 永辉超市 29,800.00 120,690.00 0.07
335 601990 南京证券 12,100.00 119,911.00 0.07
336 300558 贝达药业 1,500.00 119,745.00 0.07
337 002028 思源电气 2,400.00 118,104.00 0.07
338 688009 中国通号 23,700.00 118,026.00 0.07
339 000519 中兵红箭 4,400.00 117,348.00 0.07
340 000807 云铝股份 10,500.00 117,285.00 0.07
341 002192 融捷股份 900.00 117,135.00 0.07
342 600079 人福医药 5,200.00 117,104.00 0.07
343 002673 西部证券 14,500.00 117,015.00 0.07
344 000932 华菱钢铁 22,800.00 116,508.00 0.07
345 002405 四维图新 7,300.00 116,216.00 0.07
346 002444 巨星科技 3,800.00 115,938.00 0.07
347 600705 中航产融 29,000.00 115,130.00 0.07
348 601162 天风证券 28,400.00 115,020.00 0.07
349 600160 巨化股份 8,900.00 114,899.00 0.07
350 600369 西南证券 21,700.00 114,793.00 0.07
351 688185 康希诺 383.00 114,727.65 0.07
352 300253 卫宁健康 6,830.00 114,470.80 0.07
353 600392 盛和资源 5,800.00 113,796.00 0.07
354 002507 涪陵榨菜 3,000.00 113,400.00 0.07
355 601699 潞安环能 10,000.00 113,100.00 0.07
356 600338 西藏珠峰 3,000.00 112,980.00 0.07
357 603658 安图生物 2,050.00 112,873.00 0.07
358 601077 渝农商行 29,200.00 112,420.00 0.07
359 600109 国金证券 9,900.00 112,167.00 0.07
360 000983 山西焦煤 13,520.00 111,810.40 0.07
361 002508 老板电器 3,100.00 111,662.00 0.07
362 002939 长城证券 8,600.00 111,370.00 0.07
363 300308 中际旭创 2,600.00 110,500.00 0.07
364 002557 洽洽食品 1,800.00 110,448.00 0.07
365 600487 亨通光电 7,300.00 110,376.00 0.07
366 600655 豫园股份 10,700.00 110,210.00 0.07
367 000728 国元证券 14,300.00 110,110.00 0.07
368 000999 华润三九 3,214.00 110,047.36 0.07
369 688002 睿创微纳 1,400.00 109,998.00 0.07
370 601319 中国人保 23,400.00 109,980.00 0.07
371 603233 大参林 2,600.00 109,486.00 0.07
372 000629 攀钢钒钛 28,100.00 109,309.00 0.07
373 000155 川能动力 4,100.00 108,773.00 0.07
374 002032 苏泊尔 1,739.00 108,235.36 0.07
375 300088 长信科技 8,100.00 107,568.00 0.07
376 300850 新强联 600.00 107,106.00 0.07
377 600549 厦门钨业 4,710.00 106,587.30 0.07
378 002456 欧菲光 10,900.00 105,730.00 0.07
379 000050 深天马 A 8,100.00 105,462.00 0.06
380 603218 日月股份 3,200.00 105,440.00 0.06
381 600177 雅戈尔 15,300.00 105,417.00 0.06
382 000591 太阳能 9,400.00 105,280.00 0.06
383 600170 上海建工 29,200.00 105,120.00 0.06
384 000027 深圳能源 12,900.00 104,490.00 0.06
385 600521 华海药业 4,820.00 104,401.20 0.06
386 002603 以岭药业 5,320.00 104,272.00 0.06
387 000800 一汽解放 10,100.00 103,929.00 0.06
388 603712 七一二 2,400.00 103,920.00 0.06
389 002407 多氟多 2,300.00 103,477.00 0.06
390 002497 雅化集团 3,600.00 103,176.00 0.06
391 002138 顺络电子 2,700.00 103,086.00 0.06
392 600704 物产中大 17,400.00 103,008.00 0.06
393 002157 正邦科技 10,600.00 102,396.00 0.06
394 000423 东阿阿胶 2,100.00 102,375.00 0.06
395 601016 节能风电 15,600.00 101,556.00 0.06
396 000960 锡业股份 5,200.00 101,556.00 0.06
397 002294 信立泰 3,700.00 101,084.00 0.06
398 002797 第一创业 13,800.00 101,016.00 0.06
399 002531 天顺风能 5,200.00 100,828.00 0.06
400 600143 金发科技 8,000.00 100,640.00 0.06
401 000998 隆平高科 4,300.00 100,018.00 0.06
402 601577 长沙银行 12,800.00 99,968.00 0.06
403 002463 沪电股份 6,020.00 99,811.60 0.06
404 002044 美年健康 12,700.00 99,695.00 0.06
405 300725 药石科技 700.00 99,519.00 0.06
406 002299 圣农发展 4,100.00 99,097.00 0.06
407 002430 杭氧股份 3,300.00 99,033.00 0.06
408 600699 均胜电子 4,500.00 98,865.00 0.06
409 002078 太阳纸业 8,600.00 98,814.00 0.06
410 600872 中炬高新 2,600.00 98,722.00 0.06
411 688202 美迪西 200.00 97,118.00 0.06
412 603077 和邦生物 28,100.00 95,821.00 0.06
413 002153 石基信息 3,320.00 95,416.80 0.06
414 002152 广电运通 8,000.00 95,200.00 0.06
415 600711 盛屯矿业 8,700.00 93,351.00 0.06
416 000830 鲁西化工 6,100.00 93,086.00 0.06
417 300677 英科医疗 1,600.00 92,544.00 0.06
418 002408 齐翔腾达 8,800.00 92,400.00 0.06
419 601456 国联证券 6,600.00 92,202.00 0.06
420 300357 我武生物 1,602.00 91,794.60 0.06
421 000860 顺鑫农业 2,400.00 91,632.00 0.06
422 600998 九州通 6,200.00 91,264.00 0.06
423 002010 传化智联 10,400.00 90,480.00 0.06
424 300418 昆仑万维 3,900.00 90,285.00 0.06
425 002422 科伦药业 4,758.00 90,068.94 0.06
426 000988 华工科技 3,200.00 89,152.00 0.05
427 600315 上海家化 2,200.00 88,902.00 0.05
428 002030 达安基因 4,428.00 88,825.68 0.05
429 603638 艾迪精密 2,780.00 88,737.60 0.05
430 300568 星源材质 2,400.00 88,152.00 0.05
431 300296 利亚德 8,600.00 88,150.00 0.05
432 300832 新产业 2,000.00 88,100.00 0.05
433 600415 小商品城 18,100.00 87,785.00 0.05
434 000987 越秀金控 10,055.00 87,478.50 0.05
435 000709 河钢股份 35,100.00 86,346.00 0.05
436 603866 桃李面包 3,020.00 85,768.00 0.05
437 002541 鸿路钢构 1,600.00 85,664.00 0.05
438 000547 航天发展 5,100.00 85,170.00 0.05
439 002925 盈趣科技 2,500.00 85,075.00 0.05
440 600153 建发股份 9,365.00 84,940.55 0.05
441 600801 华新水泥 4,400.00 84,920.00 0.05
442 600688 上海石化 20,300.00 84,651.00 0.05
443 603444 吉比特 200.00 84,370.00 0.05
444 002926 华西证券 8,500.00 83,725.00 0.05
445 600380 健康元 6,500.00 83,460.00 0.05
446 600598 北大荒 5,700.00 82,992.00 0.05
447 002690 美亚光电 2,200.00 82,412.00 0.05
448 000021 深科技 5,200.00 82,368.00 0.05
449 601696 中银证券 6,100.00 82,045.00 0.05
450 002145 中核钛白 6,500.00 81,835.00 0.05
451 601866 中远海发 25,100.00 81,575.00 0.05
452 600988 赤峰黄金 5,400.00 80,460.00 0.05
453 000513 丽珠集团 2,000.00 80,420.00 0.05
454 000683 远兴能源 11,000.00 80,300.00 0.05
455 603858 步长制药 3,800.00 80,142.00 0.05
456 002465 海格通信 7,300.00 79,716.00 0.05
457 002156 通富微电 4,100.00 79,663.00 0.05
458 002092 中泰化学 8,300.00 79,182.00 0.05
459 000975 银泰黄金 9,000.00 79,020.00 0.05
460 002558 巨人网络 6,600.00 79,002.00 0.05
461 600511 国药股份 2,500.00 78,825.00 0.05
462 300136 信维通信 3,100.00 78,492.00 0.05
463 000656 金科股份 17,500.00 78,400.00 0.05
464 600895 张江高科 5,200.00 78,312.00 0.05
465 002500 山西证券 11,850.00 78,210.00 0.05
466 002065 东华软件 10,000.00 78,000.00 0.05
467 601992 金隅集团 27,400.00 77,816.00 0.05
468 688188 柏楚电子 200.00 77,092.00 0.05
469 601231 环旭电子 4,800.00 77,088.00 0.05
470 600848 上海临港 5,140.00 76,431.80 0.05
471 002373 千方科技 5,000.00 74,750.00 0.05
472 002511 中顺洁柔 4,450.00 74,359.50 0.05
473 300383 光环新网 5,000.00 74,200.00 0.05
474 300212 易华录 2,099.00 74,199.65 0.05
475 300070 碧水源 10,300.00 74,057.00 0.05
476 000750 国海证券 17,900.00 73,569.00 0.05
477 002212 天融信 3,800.00 72,846.00 0.04
478 300773 拉卡拉 2,500.00 72,550.00 0.04
479 002429 兆驰股份 14,900.00 72,414.00 0.04
480 002506 协鑫集成 19,000.00 72,200.00 0.04
481 002151 北斗星通 1,800.00 70,650.00 0.04
482 002958 青农商行 18,300.00 70,638.00 0.04
483 603883 老百姓 1,420.00 70,119.60 0.04
484 000686 东北证券 7,800.00 68,484.00 0.04
485 300432 富临精工 2,300.00 67,620.00 0.04
486 600583 海油工程 14,600.00 67,306.00 0.04
487 002563 森马服饰 8,700.00 67,251.00 0.04
488 600498 烽火通信 3,700.00 66,526.00 0.04
489 002146 荣盛发展 14,300.00 62,205.00 0.04
490 600026 中远海能 10,400.00 61,568.00 0.04
491 601598 中国外运 13,700.00 61,376.00 0.04