Yield:1000000.0
Minimized Cost:{'Profit': -958859.4405852761, 'Cost': 1958859.440585276, 'Time': [14724.578142663911, 6312.958465149511, 26319.850826362683], 'Details': [[[1, 2, 2], [1, 2, 2], [0, 2, 0], [1, 1, 2], [1, 1, 2]]]}
Yield:5000000.0
Minimized Cost:{'Profit': 2755532.222784895, 'Cost': 2244467.777215105, 'Time': [73622.89071331956, 31564.79232574756, 131599.2541318134], 'Details': [[[1, 2, 2], [1, 2, 2], [0, 2, 0], [1, 1, 2], [1, 1, 2]]]}
Yield:10000000.0
Minimized Cost:{'Profit': 7398521.801997609, 'Cost': 2601478.1980023906, 'Time': [147245.78142663912, 63129.58465149512, 263198.5082636268], 'Details': [[[1, 2, 2], [1, 2, 2], [0, 2, 0], [1, 1, 2], [1, 1, 2]]]}
Yield:30000000.0
Minimized Cost:{'Profit': 25970480.118848465, 'Cost': 4029519.881151534, 'Time': [441737.3442799173, 189388.75395448535, 789595.5247908805], 'Details': [[[1, 2, 2], [1, 2, 2], [0, 2, 0], [1, 1, 2], [1, 1, 2]]]}
Yield:60000000.0
Minimized Cost:{'Profit': 53828417.59412475, 'Cost': 6171582.405875249, 'Time': [883474.6885598346, 378777.5079089707, 1579191.049581761], 'Details': [[[1, 2, 2], [1, 2, 2], [0, 2, 0], [1, 1, 2], [1, 1, 2]]]}
Yield:100000000.0
Minimized Cost:{'Profit': 90972334.22782646, 'Cost': 9027665.772173535, 'Time': [1472457.814266391, 631295.8465149512, 2631985.0826362683], 'Details': [[[1, 2, 2], [1, 2, 2], [0, 2, 0], [1, 1, 2], [1, 1, 2]]]}
Yield:200000000.0
Minimized Cost:{'Profit': 183832125.81208074, 'Cost': 16167874.187919253, 'Time': [2944915.628532782, 1262591.6930299024, 5263970.165272537], 'Details': [[[1, 2, 2], [1, 2, 2], [0, 2, 0], [1, 1, 2], [1, 1, 2]]]}
Yield:300000000.0
Minimized Cost:{'Profit': 276691917.396335, 'Cost': 23308082.603664972, 'Time': [4417373.442799173, 1893887.5395448534, 7895955.247908805], 'Details': [[[1, 2, 2], [1, 2, 2], [0, 2, 0], [1, 1, 2], [1, 1, 2]]]}
Yield:400000000.0
Minimized Cost:{'Profit': 369551708.98058933, 'Cost': 30448291.019410685, 'Time': [5889831.257065564, 2525183.386059805, 10527940.330545073], 'Details': [[[1, 2, 2], [1, 2, 2], [0, 2, 0], [1, 1, 2], [1, 1, 2]]]}
Yield:500000000.0
Minimized Cost:{'Profit': 462411500.5648436, 'Cost': 37588499.435156405, 'Time': [7362289.071331956, 3156479.232574756, 13159925.41318134], 'Details': [[[1, 2, 2], [1, 2, 2], [0, 2, 0], [1, 1, 2], [1, 1, 2]]]}
Yield:600000000.0
Minimized Cost:{'Profit': 555271292.1490979, 'Cost': 44728707.850902125, 'Time': [8834746.885598347, 3787775.0790897068, 15791910.49581761], 'Details': [[[1, 2, 2], [1, 2, 2], [0, 2, 0], [1, 1, 2], [1, 1, 2]]]}
Yield:700000000.0
Minimized Cost:{'Profit': 648131083.7333522, 'Cost': 51868916.26664784, 'Time': [10307204.699864738, 4419070.925604658, 18423895.578453876], 'Details': [[[1, 2, 2], [1, 2, 2], [0, 2, 0], [1, 1, 2], [1, 1, 2]]]}
Yield:800000000.0
Minimized Cost:{'Profit': 740990875.3176064, 'Cost': 59009124.68239355, 'Time': [11779662.514131129, 5050366.77211961, 21055880.661090147], 'Details': [[[1, 2, 2], [1, 2, 2], [0, 2, 0], [1, 1, 2], [1, 1, 2]]]}
Yield:900000000.0
Minimized Cost:{'Profit': 833850666.9018607, 'Cost': 66149333.09813928, 'Time': [13252120.328397522, 5681662.618634561, 23687865.743726414], 'Details': [[[1, 2, 2], [1, 2, 2], [0, 2, 0], [1, 1, 2], [1, 1, 2]]]}
