Yield:1000000.0
Minimized Cost:{'Profit': -1043726.8736412793, 'Cost': 2043726.8736412793, 'Time': [329.9076418099399, 6312.958465149511, 38305.083414591645], 'Details': [[[1, 2, 2], [1, 2, 2], [0, 2, 2], [1, 1, 2], [1, 1, 2]]]}

Yield:5000000.0
Minimized Cost:{'Profit': 2331135.9415388573, 'Cost': 2668864.0584611427, 'Time': [1649.5382090496996, 31564.79232574756, 191525.41707295823], 'Details': [[[1, 2, 2], [1, 2, 2], [0, 2, 2], [1, 1, 2], [1, 1, 2]]]}

Yield:10000000.0
Minimized Cost:{'Profit': 6549581.449590479, 'Cost': 3450418.550409521, 'Time': [3299.0764180993992, 63129.58465149512, 383050.83414591645], 'Details': [[[1, 2, 2], [1, 2, 2], [0, 2, 2], [1, 1, 2], [1, 1, 2]]]}

Yield:30000000.0
Minimized Cost:{'Profit': 23421885.582646422, 'Cost': 6578114.417353576, 'Time': [9897.229254298196, 189388.75395448535, 1149152.5024377494], 'Details': [[[1, 2, 2], [1, 2, 2], [0, 2, 2], [1, 1, 2], [1, 1, 2]]]}
